Epoch Times (seconds):
289.1516227722168
186.7709653377533
166.3426206111908
168.7246289253235
164.91499996185303
157.0053379535675
156.266215801239
155.3563530445099
153.54469084739685
152.59310722351074
153.98734831809998
157.27858996391296
156.43761491775513
156.63503074645996
155.75883746147156
157.88239073753357
159.8217465877533
157.6909830570221
157.88035035133362
190.1906771659851
196.56891703605652
206.0860240459442
207.77841067314148
205.68281149864197
198.83753085136414
157.1843752861023
161.3430528640747
159.572190284729
154.26903748512268
158.79877090454102
156.6487717628479
157.7808027267456
156.8046681880951
152.97705554962158
155.4942183494568
154.00621795654297
155.70961618423462
149.8938250541687
158.13274669647217
156.76092624664307
152.20804905891418
153.91000604629517
152.22547841072083
151.9256067276001
150.93304920196533
148.07785034179688
148.3218355178833
148.38207602500916
148.2508900165558
149.80372524261475