Epoch Times (seconds):
157.81231117248535
122.81636881828308
102.11774468421936
103.27259373664856
102.00594139099121
101.9269666671753
99.94997787475586
99.59464693069458
99.74518036842346
101.50915193557739
99.33778691291809
101.07596063613892
99.82866430282593
100.31282210350037
100.0337507724762
100.99119138717651
100.09407210350037
99.80237579345703
98.4725182056427
100.62248945236206
100.37717580795288
104.15167665481567
100.05821418762207
105.07962846755981
108.16504287719727
103.36383390426636
107.24409127235413
103.03299570083618
101.83810901641846
101.93181610107422
101.27090716362
99.86847686767578
100.01481437683105
102.6302227973938
103.99933338165283
101.49822950363159
97.77065062522888
98.1560218334198
97.43346619606018
99.92044353485107
98.98372888565063
98.37629246711731
97.60969471931458
98.48867297172546
98.28033685684204
98.73218011856079
100.22419118881226
108.27231359481812
108.80768418312073
98.05263376235962
96.64523386955261
97.67952632904053
100.34476017951965
98.89436388015747
95.635577917099
92.93607449531555
115.75612950325012
122.33085250854492
96.86917495727539
92.11930203437805
92.16107177734375
99.75346899032593
102.37321758270264
104.11122822761536
105.5393602848053
113.92512154579163
91.23615431785583
84.62151050567627
82.6424822807312
82.01596450805664
82.43127179145813
83.42088627815247
81.07691693305969
82.47680234909058
83.05471324920654
82.3630428314209
83.38674426078796
82.71070957183838
82.75351905822754
84.19912052154541
82.46208071708679
82.2914309501648