Epoch Times (seconds):
45.15911531448364
28.75675392150879
19.271816730499268
19.610939979553223
19.33381485939026
19.199953317642212
19.248219966888428
19.240687131881714
19.265209197998047
19.312827348709106
19.202344179153442
19.39105796813965
19.61799669265747
19.409888744354248
19.598146677017212
19.77463126182556
19.48406744003296
19.73307704925537
19.770063161849976
19.804781675338745
20.019198417663574
19.779531955718994
19.781439781188965
19.748972177505493
19.972498655319214
20.030760049819946
19.805355072021484
19.97901725769043
20.13357901573181
19.926615238189697
19.959123849868774
19.98700451850891
19.743793725967407
19.867030143737793
20.14141845703125
19.964723587036133
19.907376289367676
19.78790259361267
19.990021228790283
19.996558666229248
19.955368041992188
20.079498529434204
20.184580087661743
19.905831575393677
20.009681940078735
19.912773370742798
19.921582221984863
20.115933656692505
20.125829935073853
19.875567197799683
19.9917950630188
19.97110390663147
20.05632257461548
19.98087215423584
20.072192668914795
20.053998708724976
20.021516799926758
20.049192190170288
20.082573175430298
19.982937812805176
20.199204921722412
20.12135410308838
19.930752515792847
20.11554193496704
20.18924880027771
20.247583389282227
19.781991481781006
19.641772508621216
19.883989334106445
19.850793838500977
20.02946162223816
19.88950252532959
19.573552131652832
19.692924976348877
20.045467138290405
19.661720991134644
19.59384822845459
19.619664430618286
19.856893062591553
19.537408590316772
19.71118474006653
19.62916660308838
19.671833753585815
19.76293396949768
19.642587423324585
19.481536865234375
19.47897505760193
19.530431032180786
19.45034384727478
19.414875268936157
19.53953981399536
19.505034923553467
19.64855718612671
19.5845787525177
19.550907611846924
19.830247402191162
19.606797218322754
19.65026068687439
19.76765751838684
19.529683828353882
19.784614086151123
19.746931314468384
19.435718774795532
19.642338275909424
19.688075065612793
19.702320337295532
19.72645330429077
19.582420349121094
19.782573461532593
19.660069227218628
19.81383442878723
19.839307069778442
19.777990341186523
19.710833072662354
19.669509410858154
19.68784189224243
19.54264807701111
19.697929859161377
19.61281132698059
19.727563858032227
19.836278200149536
19.741766929626465
19.721214056015015
19.651417016983032
19.809329509735107
19.63764524459839
19.545859813690186
19.586482048034668
19.674436569213867
19.65218162536621
19.708258867263794
19.817241668701172
19.592071056365967
19.878204345703125
19.718181848526
19.655210971832275
19.449185609817505
19.752326488494873
19.78178834915161