Epoch Times (seconds):
37.59348249435425
19.508983373641968
8.380200147628784
8.218857288360596
8.165895223617554
8.106950283050537
8.042572021484375
8.229645490646362
8.239339590072632
8.250500679016113
8.222435712814331
8.25350046157837
8.84638524055481
8.723214149475098
8.366515636444092
8.253694534301758
8.308680057525635
8.268256902694702
8.285063028335571
8.815987348556519
8.402450799942017
8.432376384735107
8.234135627746582
7.9275500774383545
8.010405540466309
7.974939823150635
8.166323184967041
8.131042957305908
8.260731220245361
8.158674955368042
7.998938322067261
8.00563645362854
8.340878963470459
8.403357982635498
8.414126873016357
8.24824857711792
8.395132780075073
8.523802042007446
8.986379384994507
8.699394941329956
8.518513917922974
8.592437982559204
8.41349983215332
8.40905237197876
8.564202785491943
8.390932083129883
8.429314851760864
8.630020380020142
8.360373258590698
8.304867029190063
8.442781686782837
8.514753103256226
8.450987577438354
8.457574367523193
8.487696647644043
8.371625661849976
8.30916142463684
8.224330186843872
8.3755362033844
8.212443828582764
8.286296606063843
8.380983591079712
8.310791969299316
8.325992345809937
8.323293209075928
8.355811357498169
8.437833786010742
8.410672187805176
8.645575284957886
8.350158214569092
8.9807870388031
8.38996434211731
8.622556924819946
8.490593194961548
8.596432209014893
8.39760684967041
8.407342433929443
8.428816318511963
8.639647245407104
8.385516881942749
8.407565355300903
8.54256534576416
8.169210195541382
8.389007091522217
8.150496006011963
8.250873804092407
8.216046571731567
8.249284505844116
8.687541246414185
8.22080135345459
8.778862714767456
8.414977788925171
8.287878036499023
8.474810123443604
8.357015609741211
8.352850675582886
8.309526681900024
8.276383399963379
8.171793222427368
8.205490112304688
8.294028759002686
8.381591558456421
8.55253791809082
8.345438718795776
8.23463487625122
8.213634967803955
8.316334962844849
8.257197856903076
8.605327367782593
8.23190951347351
8.247850179672241
8.333804845809937
8.235812902450562
8.297705888748169
8.32470154762268
8.236331462860107
8.216813087463379
8.374276638031006
8.107118844985962
8.197877883911133
8.196852684020996
8.344774007797241
8.215612411499023
8.26077151298523
8.336231231689453
8.423264026641846
8.317646026611328
8.4310941696167
8.24437952041626
8.350394010543823
8.270323038101196
8.199785947799683
8.191742181777954
8.277889013290405
8.340233087539673
8.386747121810913
8.224791526794434
8.220539808273315
8.285145044326782
8.366951704025269